[
76780577,
80008877,
80065569,
80075331,
80075372,
83137354,
83173884,
83910896,
83923418,
83945425,
84101675,
86528864,
86648540,
86655798,
94660991,
94661143,
98541379,
104760254,
110257930,
118017331,
118740444,
162954930,
162956932,
162959018,
162960366,
163094779,
163115825,
163117969,
176630122,
177742491,
180568361,
186750910,
191239362,
191241719,
208196126,
213532995,
223182807,
225817905,
228314177,
269072775,
269154906,
275983410,
277994657,
280955236,
281701537,
284268831,
284415451,
284526399,
303617148,
303617911,
312474356,
324415171,
327502937,
327795801,
330304271,
331955297,
333968570,
333973745,
333975253,
334213989,
334238388,
334275092,
334284278,
334291691,
334292847,
334295768,
334298536,
334306066,
334450332,
334457997,
334463134,
334468240,
334472424,
336272848,
336273195,
336273520,
336708750,
343801553,
356595886,
359439790,
359635066,
364234998,
364235861,
367370478,
370732803,
376311558,
377357296,
378620353,
379486858,
379486945,
379486946,
379487016,
383497513,
384947291,
394270107,
396352738,
404569582,
404810224,
404810470,
404810852,
404810879,
404810922,
404811447,
404811450,
404811653,
405535998,
406638903,
406661026,
406698199,
407779251,
407841723,
408441537,
409446293,
412947395,
412947454,
412954378,
415769658,
418128215,
421895853,
423498184,
423668267,
423695026,
423823890,
423823967,
423824180,
423938209,
424208332,
424543329,
424562157,
424748909,
424764173,
425707211,
426088719,
426109385,
427841689,
427910972,
427957386,
428066367,
428071072,
428094585,
428134884,
428144583,
428144609,
428278944,
428335405,
428435352,
428519445,
428552436,
428896470,
429314181,
429334813,
429481190,
430544505,
430549035,
430791139,
430825751,
430849621,
430928885,
431427126,
431427137,
431427180,
431427208,
431864981,
432985345,
433072714,
433707528,
434078677,
434161525,
434176512,
435273339,
435300797,
437299790,
437641134,
437641905,
437644225,
437644540,
437650485,
437651065,
437657580,
437661897,
437667581,
437668265,
437669987,
437772375,
437986193,
437988522,
437996596,
437998029,
437998189,
438004367,
438315898,
438331053,
438331455,
438339804,
438351425,
438353134,
438378761,
438386875,
438396142,
438511062,
438511321,
438511829,
438625289,
438643182,
438649249,
438851139,
438851162,
438851291,
438852070,
439086569,
439222348,
439529273,
439529370,
439529996,
439530147,
440288555,
441179890,
441415391,
441427056,
441527285,
441793012,
441793042,
441817936,
441833020,
441833530,
441833956,
441834018,
441840126,
441843743,
441844349,
441859064,
441880980,
441927782,
442142898,
442149733,
442168915,
442181144,
442202094,
442231024,
442247308,
442247346,
442251355,
442266752,
442288327,
442305228,
442308790,
442308819,
442311032,
442322889,
442327328,
442348640,
442351169,
442351993,
442359895,
442369869,
442371723,
442374111,
442414740,
442515233,
442517896,
442554072,
442610808,
442625003,
442710473,
442773497,
442833072,
442841072,
442845513,
442932905,
442983538,
443029191,
443030137,
443030266,
443030762,
443031106,
443049830,
443082662,
443102805,
443124713,
443146424,
443146441,
443146573,
443372401,
443455297,
443646120,
443654464,
443668355,
443745712,
443747591,
443751571,
443751911,
443752229,
443752309,
443752487,
443752495,
443753515,
443753684,
443754152,
443762161,
443779673,
443782967,
443827706,
443913497,
443978568,
443978887,
443983628,
444016579,
444063574,
444069736,
444071725,
444082686,
444097987,
444113235,
444116172,
444128564,
444153035,
444165685,
444195355,
444343096,
444441005,
444455191,
444498473,
444504493,
444529298,
444536953,
444558346,
444561070,
444573777,
444584334,
444588616,
444657626,
444659007,
444671342,
444687059,
444687895,
444702875,
444715879,
444716594,
444728393,
444728583,
444731829,
444737814,
444743828,
444775399,
444870364,
444892329,
445033528,
445130075,
445163799,
445245188,
445265902,
445269794,
445270607,
445272969,
445279313,
445301167,
445308717,
445315644,
445330773,
445332101,
445415081,
445438179,
445448534,
445462478,
445464463,
445469111,
445487996,
445580001,
445581775,
445597318,
445687140,
445696764,
445713091,
445757566,
445770268,
445776725,
445790520,
445799253,
445869407,
445888299,
445903428,
445917096,
445925836,
445926237,
445927779,
445933355,
445935152,
445938271,
445945397,
445946243,
445947030,
445951148,
445969798,
445979534,
446019800,
446039674,
446048647,
446098497,
446101935,
446193073,
446209655,
446259595,
446400702,
446422505,
446460528,
446484859,
446506424,
446515259,
446659828,
446675908,
446676867,
446677531,
446685812,
446713672,
446715632,
446750886,
446751058,
446753882,
446758018,
446760290,
446761994,
446763715,
446764465,
446791199,
446806034,
446806344,
446806510,
446830916,
446838689,
446847222,
446850715,
446851635,
446855151,
446903382,
446935196,
446938691,
446945987,
446950508,
446985560,
446987771,
446997557,
447019785,
447021876,
447022171,
447031470,
447034205,
447040299,
447058454,
447069428,
447101138,
447101838,
447162550,
447162913,
447261730,
447263413,
447272153,
447294944,
447312755,
447330975,
447346250,
447403372,
447405675,
447411902,
447428077,
447452845,
447684981,
447756880,
447871153,
447878156,
447879034,
447899217,
447909543,
447910525,
447911268,
447914912,
447918433,
447919167,
447919306,
447921365,
447923150,
447928612,
447933804,
447944804,
447945582,
447951938,
447954759,
447965031,
447965108,
447965478,
447967635,
447967697
]
